{"nbformat":4,"nbformat_minor":0,"metadata":{"colab":{"provenance":[],"authorship_tag":"ABX9TyPVmcRX/qxHeYO4xuaDXVdz"},"kernelspec":{"name":"python3","display_name":"Python 3"},"language_info":{"name":"python"}},"cells":[{"cell_type":"code","source":["import numpy as np\n"],"metadata":{"id":"-WoCpCAj2JSt","executionInfo":{"status":"ok","timestamp":1762309778974,"user_tz":-480,"elapsed":57,"user":{"displayName":"Edrian Tan","userId":"06541548440818617926"}}},"execution_count":2,"outputs":[]},{"cell_type":"code","source":["a=np.array([[1,2],[3,4]])\n","print(a)"],"metadata":{"colab":{"base_uri":"https://localhost:8080/"},"id":"zA-Vtsor2TZl","executionInfo":{"status":"ok","timestamp":1762310152967,"user_tz":-480,"elapsed":15,"user":{"displayName":"Edrian Tan","userId":"06541548440818617926"}},"outputId":"19794fa3-0331-456e-9b5d-5c4635e031c4"},"execution_count":6,"outputs":[{"output_type":"stream","name":"stdout","text":["[[1 2]\n"," [3 4]]\n"]}]},{"cell_type":"code","source":["b=np.random.random((3,4))\n","print(b)"],"metadata":{"colab":{"base_uri":"https://localhost:8080/"},"id":"FbVyh46B4Htd","executionInfo":{"status":"ok","timestamp":1762310302342,"user_tz":-480,"elapsed":15,"user":{"displayName":"Edrian Tan","userId":"06541548440818617926"}},"outputId":"36238ea5-cffa-4c52-fc16-da6e3f7868ec"},"execution_count":7,"outputs":[{"output_type":"stream","name":"stdout","text":["[[0.04989958 0.05219641 0.08866716 0.95792067]\n"," [0.55857692 0.98422453 0.58235978 0.66326928]\n"," [0.42871613 0.92222647 0.31684694 0.994447  ]]\n"]}]},{"cell_type":"code","source":["c=np.ones((2,2))\n","print(c)\n","d=np.zeros((2,2))\n","print(d)"],"metadata":{"colab":{"base_uri":"https://localhost:8080/"},"id":"cYmBJ4JU4VDX","executionInfo":{"status":"ok","timestamp":1762310707345,"user_tz":-480,"elapsed":8,"user":{"displayName":"Edrian Tan","userId":"06541548440818617926"}},"outputId":"e4d80f8c-e967-4a51-8c55-03193d34d9f1"},"execution_count":9,"outputs":[{"output_type":"stream","name":"stdout","text":["[[1. 1.]\n"," [1. 1.]]\n","[[0. 0.]\n"," [0. 0.]]\n"]}]},{"cell_type":"code","source":["e=np.random.random((6,3))\n","print(e)\n","tranpose=e.T\n","print(tranpose)"],"metadata":{"colab":{"base_uri":"https://localhost:8080/"},"id":"ai-nIvO452hd","executionInfo":{"status":"ok","timestamp":1762311503542,"user_tz":-480,"elapsed":26,"user":{"displayName":"Edrian Tan","userId":"06541548440818617926"}},"outputId":"dbceb24a-1b0e-405b-eba5-0abe39c90096"},"execution_count":13,"outputs":[{"output_type":"stream","name":"stdout","text":["[[0.47477571 0.52861646 0.89381996]\n"," [0.44188667 0.52933861 0.48441551]\n"," [0.80537113 0.45746379 0.92651079]\n"," [0.72995924 0.38156371 0.04707525]\n"," [0.45100382 0.13826211 0.05389026]\n"," [0.41281282 0.27865953 0.76892009]]\n","[[0.47477571 0.44188667 0.80537113 0.72995924 0.45100382 0.41281282]\n"," [0.52861646 0.52933861 0.45746379 0.38156371 0.13826211 0.27865953]\n"," [0.89381996 0.48441551 0.92651079 0.04707525 0.05389026 0.76892009]]\n"]}]},{"cell_type":"code","source":["f=np.random.random((2,3))\n","g=np.random.random((3,2))\n","h=np.dot(f,g)\n","print(f)\n","print(g)\n","\n","\n","\n","\n","\n","\n","\n","\n","\n","\n","\n","\n","\n","print(h)"],"metadata":{"colab":{"base_uri":"https://localhost:8080/"},"id":"wwYqht3i85oP","executionInfo":{"status":"ok","timestamp":1762312002544,"user_tz":-480,"elapsed":42,"user":{"displayName":"Edrian Tan","userId":"06541548440818617926"}},"outputId":"468711bd-bd59-4de3-d9d2-c73279c85d75"},"execution_count":22,"outputs":[{"output_type":"stream","name":"stdout","text":["[[0.60645157 0.19261397 0.64620607]\n"," [0.16961597 0.66162912 0.3390118 ]]\n","[[0.64842833 0.50750343]\n"," [0.81643101 0.9792138 ]\n"," [0.89727151 0.67182107]]\n","[[1.13031869 0.93052136]\n"," [0.95434395 0.96171232]]\n"]}]}]}